%YAML:1.0


# cam0:
#   T_cam_imu:
#     - [0.9996027058439164, 0.0020154877660773516, -0.028113489263787816, 0.006211223777317207]
#     - [-0.003143287578558314, 0.9991895370470387, -0.04012964987291158, -0.011582458042840088]
#     - [0.02800982350388523, 0.040202075379124194, 0.9987989001408101, -0.005431302438261369]
#     - [0.0, 0.0, 0.0, 1.0]
#   cam_overlaps: [1]
#   camera_model: pinhole
#   distortion_coeffs: [-0.024777469939269086, -0.00030178623832245087, 0.00749803392587475, 0.00816081488741069]
#   distortion_model: radtan
#   intrinsics: [423.66522244332896, 424.6489779951898, 435.6756160398205, 254.4598840202944]
#   resolution: [848, 480]
#   rostopic: /camera/camera/infra1/image_rect_raw
#   timeshift_cam_imu: 0.0003457731155027904
# cam1:
#   T_cam_imu:
#     - [0.999585804904996, 0.0014717276722171872, -0.028741131677269167, -0.04852584376302299]
#     - [-0.0026038445104489983, 0.9992204207232079, -0.03939252217744775, -0.011697517885344684]
#     - [0.02866075062165504, 0.03945104342592397, 0.9988103806761368, -0.0057424150171156985]
#     - [0.0, 0.0, 0.0, 1.0]
#   T_cn_cnm1:
#     - [0.999999655052158, -0.0005180792016390205, -0.0006492222288646366, -0.05474659215068243]
#     - [0.0005185677646498431, 0.999999582345066, 0.0007525936244980693, -0.00011419805681751325]
#     - [0.000648832054609632, -0.0007529300306125073, 0.9999995060565433, -0.0003238660831844615]
#     - [0.0, 0.0, 0.0, 1.0]
#   cam_overlaps: [0]
#   camera_model: pinhole
#   distortion_coeffs: [-0.019123133262376402, -0.008696567875195233, 0.006628716793291566, 0.0071421899838213536]
#   distortion_model: radtan
#   intrinsics: [423.8589499919918, 424.58832025632177, 436.28836085652364, 254.05525043418547]
#   resolution: [848, 480]
#   rostopic: /camera/camera/infra2/image_rect_raw
#   timeshift_cam_imu: 0.00033051465119832076

cam0:
  T_cam_imu:
    - [0.9993511471919617, -0.005703703199297889, -0.035563357208310005, 0.0097008419326383]
    - [0.004600011034080192, 0.9995075739361469, -0.03103948360984354, -0.014601612354594055]
    - [0.0357228848862725, 0.03085575171817605, 0.998885277737794, 0.005872842565476568]
    - [0.0, 0.0, 0.0, 1.0]
  cam_overlaps: [1]
  camera_model: pinhole
  distortion_coeffs: [-0.024777469939269086, -0.00030178623832245087, 0.00749803392587475, 0.00816081488741069]
  distortion_model: radtan
  intrinsics: [423.66522244332896, 424.6489779951898, 435.6756160398205, 254.4598840202944]
  resolution: [848, 480]
  rostopic: /camera/camera/infra1/image_rect_raw
  timeshift_cam_imu: 0.0032491735615281523
cam1:
  T_cam_imu:
    - [0.9993252272069497, -0.006241557557658547, -0.03619576255631184, -0.045042001552597424]
    - [0.005145125218776573, 0.999527420572282, -0.030306157965070607, -0.014706353905187462]
    - [0.03636781481284764, 0.03009947646347256, 0.9988850802581664, 0.005566261791079692]
    - [0.0, 0.0, 0.0, 1.0]
  T_cn_cnm1:
    - [0.999999655052158, -0.0005180792016390205, -0.0006492222288646366, -0.05474659215068243]
    - [0.0005185677646498431, 0.999999582345066, 0.0007525936244980693, -0.00011419805681751325]
    - [0.000648832054609632, -0.0007529300306125073, 0.9999995060565433, -0.0003238660831844615]
    - [0.0, 0.0, 0.0, 1.0]
  cam_overlaps: [0]
  camera_model: pinhole
  distortion_coeffs: [-0.019123133262376402, -0.008696567875195233, 0.006628716793291566, 0.0071421899838213536]
  distortion_model: radtan
  intrinsics: [423.8589499919918, 424.58832025632177, 436.28836085652364, 254.05525043418547]
  resolution: [848, 480]
  rostopic: /camera/camera/infra2/image_rect_raw
  timeshift_cam_imu: 0.0032463684276341164