%YAML:1.0

cam0:
  T_cam_imu:
    - [0.9999892147163094, -0.0009543601322832557, -0.0045452885272536875, 0.004133946916687588]
    - [0.0008647073648798957, 0.9998058455725205, -0.01968561505743835, -0.013116975604432458]
    - [0.004563193205552245, 0.019681472398030316, 0.999795887625076, -0.021524127985625474]
    - [0.0, 0.0, 0.0, 1.0]
  cam_overlaps: [1]
  camera_model: pinhole
  distortion_coeffs: [-0.0059056014157712906, -0.00018212525249620368, 0.003044043831259231, 0.003490213579794309]
  distortion_model: radtan
  intrinsics: [427.4348361202599, 428.21341902044986, 432.26449124555955, 248.17093270753153]
  resolution: [848, 480]
  rostopic: /camera/camera/infra1/image_rect_raw
  timeshift_cam_imu: 0.005013477007209584
cam1:
  T_cam_imu:
    - [0.9999866437960035, -0.0012801841734503027, -0.005007330435160099, -0.05088684167741218]
    - [0.0011776576886905457, 0.9997906962117694, -0.0204249085861814, -0.01320125562411081]
    - [0.0050324300266472955, 0.02041873886574893, 0.9997788504220119, -0.02230217971853142]
    - [0.0, 0.0, 0.0, 1.0]
  T_cn_cnm1:
    - [0.9999998401746785, -0.0003166674249411477, -0.00046837202791418994, -0.05503502295175176]
    - [0.00031632170889302555, 0.9999996776388336, -0.0007380127387193204, -0.00010147698587826362]
    - [0.0004686055815227814, 0.0007378644645259307, 0.999999617982346, -0.0007703185959211051]
    - [0.0, 0.0, 0.0, 1.0]
  cam_overlaps: [0]
  camera_model: pinhole
  distortion_coeffs: [-0.0063857287061938675, 0.0003890963516657982, 0.002777898569054647, 0.0034528144469349576]
  distortion_model: radtan
  intrinsics: [427.46459896851667, 428.13305982289177, 432.7903787053163, 248.32926358036]
  resolution: [848, 480]
  rostopic: /camera/camera/infra2/image_rect_raw
  timeshift_cam_imu: 0.005015196506667714