%YAML:1.0

imu0:
  T_i_b:
    - [1.0, 0.0, 0.0, 0.0]
    - [0.0, 1.0, 0.0, 0.0]
    - [0.0, 0.0, 1.0, 0.0]
    - [0.0, 0.0, 0.0, 1.0]
  # Values from allan plots
  # https://github.com/rpng/ar_table_dataset
  #accelerometer_noise_density: 0.0010382453726199955
  #accelerometer_random_walk: 4.132785219723178e-05
  #gyroscope_noise_density: 0.00010272083263292572
  #gyroscope_random_walk: 1.1106223553679963e-06
  # Inflated values (to account for unmodelled effects)
  #  - white noise multiplied by 2
  #  - bias random walk multiplied by 10
  # accelerometer_noise_density: 0.015250209869349138
  # accelerometer_random_walk: 5.9272078086425066e-04
  # gyroscope_noise_density: 0.0023003597359636796
  # gyroscope_random_walk: 1.6225910358399872e-05
  accelerometer_noise_density:   0.12200167892
  accelerometer_random_walk: 5.9272078086425066e-04
  gyroscope_noise_density: 0.01840287788
  gyroscope_random_walk: 1.6225910358399872e-05
  rostopic: '/camera/camera/imu'
  update_rate: 400
  update_rate: 400
  time_offset: 0.0
  # three different modes supported:
  # "calibrated" (same as "kalibr"), "kalibr", "rpng"
  model: "kalibr"
  # how to get from Kalibr imu.yaml result file:
  #   - Tw is imu0:gyroscopes:M:
  #   - R_IMUtoGYRO: is imu0:gyroscopes:C_gyro_i:
  #   - Ta is imu0:accelerometers:M:
  #   - R_IMUtoACC not used by Kalibr
  #   - Tg is imu0:gyroscopes:A:
  Tw:
    - [ 1.0, 0.0, 0.0 ]
    - [ 0.0, 1.0, 0.0 ]
    - [ 0.0, 0.0, 1.0 ]
  R_IMUtoGYRO:
    - [ 1.0, 0.0, 0.0 ]
    - [ 0.0, 1.0, 0.0 ]
    - [ 0.0, 0.0, 1.0 ]
  Ta:
    - [ 1.0, 0.0, 0.0 ]
    - [ 0.0, 1.0, 0.0 ]
    - [ 0.0, 0.0, 1.0 ]
  R_IMUtoACC:
    - [ 1.0, 0.0, 0.0 ]
    - [ 0.0, 1.0, 0.0 ]
    - [ 0.0, 0.0, 1.0 ]
  Tg:
    - [ 0.0, 0.0, 0.0 ]
    - [ 0.0, 0.0, 0.0 ]
    - [ 0.0, 0.0, 0.0 ]
