%YAML:1.0

imu0:
  T_i_b:
    - [1.0, 0.0, 0.0, 0.0]
    - [0.0, 1.0, 0.0, 0.0]
    - [0.0, 0.0, 1.0, 0.0]
    - [0.0, 0.0, 0.0, 1.0]
  #allan_variance noise and walk by static analysis
  #accelerometer_noise_density: 0.0011199168687763285 
  #accelerometer_random_walk: 5.175060108058893e-05 
  #gyroscope_noise_density: 0.00033039301378238686 
  #gyroscope_random_walk: 2.3110320094386732e-06 

  #Inflated values
  accelerometer_noise_density:  0.0391970904 #x35 
  accelerometer_random_walk:  0.00051750601 #x10
  gyroscope_noise_density:   0.01156375548 #x35
  gyroscope_random_walk:   0.00002311032 #x10


  rostopic: '/camera/camera/imu' 
  update_rate: 400 
  time_offset: 0.0
  # three different modes supported:
  # "calibrated" (same as "kalibr"), "kalibr", "rpng"
  model: "kalibr"
  # how to get from Kalibr imu.yaml result file:
  #   - Tw is imu0:gyroscopes:M:
  #   - R_IMUtoGYRO: is imu0:gyroscopes:C_gyro_i:
  #   - Ta is imu0:accelerometers:M:
  #   - R_IMUtoACC not used by Kalibr
  #   - Tg is imu0:gyroscopes:A:
  Tw:
    - [1.0050083304818078, 0.0, 0.0]
    - [0.0037703816051333997, 0.9319885502893415, 0.0]
    - [-0.0005393432306322888, -0.03898319130969419, 1.0040687353185194]
  R_IMUtoGYRO:
    - [0.9999997799360351, -0.00017641352642045914, 0.0006395358851551725]
    - [0.00020184360649084154, 0.9992003053872595, -0.03998385890788076]
    - [-0.0006319707582033224, 0.03998397919510379, 0.9992001211072212]
  Ta:
    - [0.9964394050686198, 0.0, 0.0]
    - [-0.026168297324641245, 1.006500626397842, 0.0]
    - [0.03708238229919561, 0.029623770996590526, 0.9865482135160789]
  R_IMUtoACC:
    - [ 1.0, 0.0, 0.0 ]
    - [ 0.0, 1.0, 0.0 ]
    - [ 0.0, 0.0, 1.0 ]
  Tg:
    - [9.883210135821522e-05, -0.0007159138629561321, 0.0003201493092864566]
    - [-0.0008181539689992341, 0.006039668638450146, -0.0004978618457478444]
    - [0.0001292977573937681, 6.364796957760348e-05, 2.7484799074362146e-05]
