%YAML:1.0

cam0:
  T_cam_imu:
    - [0.9999857928295249, 0.003908398870430991, -0.003624714799173555, 0.00551039585889079]
    - [-0.00391189790925098, 0.9999918889021848, -0.0009587411472602197, -0.004074924003804821]
    - [0.00362093825594028, 0.0009729070405058176, 0.9999929711043156, -0.015494099343461422]
    - [0.0, 0.0, 0.0, 1.0]
  cam_overlaps: [1]
  camera_model: pinhole
  distortion_coeffs: [0.0037470303968248934, 6.898815818318797e-05, -0.0007341288498450794, 0.001919851979485646]
  distortion_model: radtan
  intrinsics: [432.5980590352566, 432.66274035238723, 428.9367798716155, 242.14752535831968]
  resolution: [848, 480]
  rostopic: /camera/camera/infra1/image_rect_raw
  timeshift_cam_imu: 0.002721770693899064
cam1:
  T_cam_imu:
    - [0.9999867573869387, 0.004518411499997251, -0.002463535725927912, -0.04668772585850692]
    - [-0.0045237030198943045, 0.9999874640039105, -0.0021466126841981187, -0.004077276039494584]
    - [0.0024538055636153648, 0.0021577285614399464, 0.9999946615086059, -0.01593071999729304]
    - [0.0, 0.0, 0.0, 1.0]
  T_cn_cnm1:
    - [0.9999991397734108, 0.0006088906382871648, 0.0011617678896240075, -0.05217763524703514]
    - [-0.0006075080173517813, 0.9999991073180695, -0.0011900828010577723, -1.7447324784266858e-05]
    - [-0.0011624914828111555, 0.0011893759940096546, 0.9999986169981925, -0.0004253896771586023]
    - [0.0, 0.0, 0.0, 1.0]
  cam_overlaps: [0]
  camera_model: pinhole
  distortion_coeffs: [0.004857353113239715, -0.0006718329936569586, -0.000876478069585842, 0.002475525690176677]
  distortion_model: radtan
  intrinsics: [432.39232694842826, 432.14287402592987, 428.8419792565794, 242.4929347126529]
  resolution: [848, 480]
  rostopic: /camera/camera/infra2/image_rect_raw
  timeshift_cam_imu: 0.004910325252962709