%YAML:1.0

cam0:
  T_cam_imu:
    - [0.999989446902696, -0.0027717607117522915, -0.0036637993663452286, 0.00467174031276449]
    - [0.0026626762764895666, 0.9995626958242719, -0.029450420566786022, -0.009088572337578614]
    - [0.003743826690254895, 0.029440354261977556, 0.9995595276433727, -0.012547145534398415]
    - [0.0, 0.0, 0.0, 1.0]
  cam_overlaps: [1]
  camera_model: pinhole
  distortion_coeffs: [-0.0033435043463326893, -0.009920596248703017, 0.0038746954688155906, 0.005840140387224687]
  distortion_model: radtan
  intrinsics: [426.6794577775348, 426.72665951478643, 434.1406297884112, 249.17150483112198]
  resolution: [848, 480]
  rostopic: /camera/camera/infra1/image_rect_raw
  timeshift_cam_imu: 0.001495572214711766
cam1:
  T_cam_imu:
    - [0.9999845401849202, -0.0038225637316237145, -0.004038241903548661, -0.04851125983175171]
    - [0.003718951312367939, 0.9996714398205094, -0.025361029323077797, -0.008995223855072086]
    - [0.004133859248951047, 0.025345619221227366, 0.9996702010133155, -0.015064872027981829]
    - [0.0, 0.0, 0.0, 1.0]
  T_cn_cnm1:
    - [0.9999993777908608, -0.0010393290741252455, -0.00040523198868218884, -0.05319752775992661]
    - [0.0010409797675212911, 0.9999910746685227, 0.004094745952354606, 0.0001397815502316498]
    - [0.00040097258333292627, -0.0040951652428676275, 0.999991534385476, -0.0025569251582068797]
    - [0.0, 0.0, 0.0, 1.0]
  cam_overlaps: [0]
  camera_model: pinhole
  distortion_coeffs: [-0.005845395547583509, -0.007960529960150021, 0.001997409473606297, 0.005376122807559986]
  distortion_model: radtan
  intrinsics: [425.92933935928085, 426.13936736866896, 433.6937542165421, 247.21714536882848]
  resolution: [848, 480]
  rostopic: /camera/camera/infra2/image_rect_raw
  timeshift_cam_imu: 0.0014342027759928287
